~accommodates = 1.145767908324589
beds = 0.11623357672717778
flag_beds = 0.52236409087918
property_type = 2.643385807534356
room_type = 0.4036939275501617
bedrooms = 1.8345219085753457
bathrooms = 0.46634481573279263
flag_bathrooms = 3.6620870475841585
neighbourhood_cleansed = 5.723634000599311
availability_365 = 3.8814500855961085
minimum_nights = 5.7710378914613205
number_of_reviews = 12.237616989413159
flag_number_of_reviews = 0.6326139555348573
reviews_per_month = 1.090366937591324
flag_reviews_per_month = 8.553221585216795
review_scores_rating = 0.5296077899414927
flag_review_scores_rating = 2.2371796812296
review_scores_cleanliness = 6.9213671604812
flag_review_scores_cleanliness = 0.1918351107345082
review_scores_checkin = 0.4261447042013103
flag_review_scores_checkin = 1.6755025213074664
review_scores_communication = 2.646695017188438
flag_review_scores_communication = 0.007070112691915292
review_scores_location = 1.6975609916271708
flag_review_scores_location = 0.17259060952235958
review_scores_value = 0.9386106295901415
flag_review_scores_value = 1.9047608292253775
room_type:property_type = 0.4862629511174826
d_freeparking = 2.2078612195946223
d_ = 2.5436526060944438
d_airconditioning = 0.2506036537199773
d_kitchen_equipment = 1.6410554847438885
d_alarm = 1.2244473973113743
d_microwave = 1.9154726036535297
d_other = 0.8319771509838335
d_garage = 0.3681900505259116
d_smoking = 0.07357925543687895
d_cleaning = 1.1772417233970192
d_table = 2.1622510024612454
d_kidfriendly = 1.4057662894049139
d_bathtub = 0.7087693327054522
d_exercise_equipment = 1.1640456581499612
d_lakeside = 0.9690335953648522
d_selfcheckin = 0.4457766859780247
d_elevator = 0.13996220882037275
d_view = 0.40210433648290794
d_hottub = 0.027283453888106594
d_bedlinens = 0.139860342845311
d_fireextinguisher = 0.4662124173529236
d_movies = 0.6718939905197231
d_washingmachine = 0.12443158608023112
d_beach = 0.04706328852427208
d_luxury_accessories = 0.5413608542537235
d_bike = 2.0261412416003246
d_coffee = 0.6809423470869286
d_boat = 2.0134652413189893
d_longterm = 0.22071851608610862
d_bathroom_equipment = 0.5294339667555985
d_lock = 0.9549857128165258
d_heating = 0.007796589512920146
d_tv = 3.0866280744842522
d_books = 1.416686888101196
d_cleaning_equipment = 1.434718577297305
d_shades = 1.75757132826379
d_piano = 2.0569065103251085
d_gameconsole = 0.5174469624068765
d_outdoors = 1.119248844856702
d_fridge = 0.9815084076227965
d_chair = 1.1735373719920703
d_paidparking = 0.17646251489313844
d_host_greet = 0.121137199664732
d_fireplace = 0.3569585245820237
d_soap_shampoo = 0.587541248432178
d_security = 1.364887249962551
d_oven = 0.6861066289992653
d_pool = 1.4751707832058827
d_private = 1.059292922628732
d_skiing = 2.086766259062566
d_tennis = 0.3767057858876574
d_bbq = 0.04169131740469727
d_stove = 2.789437930068441
d_sauna = 1.8508309812585955
d_iron = 0.07533539949087019
d_hotwater = 0.9724337968200991
d_petfriendly = 4.899326270441237
d_games = 1.0094741672098897
d_backyard = 1.7649154915374978
d_transfer = 0.17077207501412095
d_clothing_storage = 1.304427053901398
d_gym = 0.020144073219777254
d_dryer = 1.3217759459849934
d_fruit = 5.308186184392536
d_balcony = 3.037806398457051
d_soundsystem = 0.01311478777278012
d_firstaidkit = 1.106737575371565
d_breakfast = 0.4678274361180569
d_rooftop = 0.5051871251025601
d_resortaccess = 2.6138811361581107
