~accommodates = 1.1720147976857378
beds = 0.13033232187608484
flag_beds = 0.4393028925862102
property_type = 2.6902495047685147
room_type = 0.40160506201942736
bedrooms = 1.86239483587923
bathrooms = 0.49801049692035027
flag_bathrooms = 3.7040193370359473
neighbourhood_cleansed = 5.729631925964406
availability_365 = 3.8933568955166216
minimum_nights = 5.768721546137501
number_of_reviews = 12.277228588892449
flag_number_of_reviews = 0.6296919563799598
reviews_per_month = 1.0737356836888685
flag_reviews_per_month = 8.52139978582837
review_scores_rating = 0.6310179628537393
flag_review_scores_rating = 0.32785218365284086
review_scores_cleanliness = 2.232241793115092
flag_review_scores_cleanliness = 6.930733619632665
review_scores_checkin = 0.20201686277423248
flag_review_scores_checkin = 0.4470055413841429
review_scores_communication = 1.664541651838973
flag_review_scores_communication = 2.638584169448693
review_scores_location = 0.007145865824500158
flag_review_scores_location = 1.7344102139670436
review_scores_value = 0.1678758723562452
flag_review_scores_value = 0.9551303617177824
room_type:property_type = 1.8858844001351596
d_freeparking = 0.4926700195217008
d_ = 2.231023812731025
d_airconditioning = 2.4943526987757645
d_kitchen_equipment = 0.2491077615203028
d_alarm = 1.6237682303198346
d_microwave = 1.229965980493943
d_other = 1.9295406828334574
d_garage = 0.7979542300705117
d_smoking = 0.4064043670991281
d_cleaning = 0.08413124044073467
d_table = 1.1426544681065454
d_kidfriendly = 2.1147424540062247
d_bathtub = 1.3206653407423454
d_exercise_equipment = 0.6950371665155564
d_lakeside = 1.2182918647580419
d_selfcheckin = 0.9737562093581468
d_elevator = 0.4301349712256315
d_view = 0.1146444935119688
d_hottub = 0.38585939345386605
d_bedlinens = 0.038253131234226766
d_fireextinguisher = 0.4483630302686944
d_movies = 0.381867607517282
d_washingmachine = 0.6173522418608961
d_beach = 0.14401299748806926
d_luxury_accessories = 0.19678445063475292
d_bike = 0.40996279313107625
d_coffee = 2.013213311351985
d_boat = 0.04448694681251591
d_longterm = 0.6216864761059616
d_bathroom_equipment = 2.0319598715617695
d_lock = 0.2155931967433627
d_heating = 0.4997694521402993
d_tv = 0.9839019717387784
d_books = 2.8495196519344836
d_cleaning_equipment = 1.4722687327208293
d_shades = 1.4446335763965967
d_piano = 1.7917988211395415
d_gameconsole = 2.2969577072120417
d_outdoors = 0.43962815603911926
d_fridge = 0.9582351178789897
d_chair = 0.9778541104364251
d_paidparking = 1.2154590347032608
d_host_greet = 0.18073727629539488
d_fireplace = 0.11105589381164942
d_soap_shampoo = 0.32984567970578593
d_security = 0.5514478348714243
d_oven = 1.3876591545081958
d_pool = 0.7333716162283466
d_private = 1.3534140278591005
d_skiing = 1.093740987193196
d_tennis = 2.0701422422992692
d_bbq = 0.4261802785638599
d_stove = 0.03350895213949816
d_sauna = 2.740342019307291
d_iron = 1.816804556924823
d_hotwater = 0.08340613156453594
d_petfriendly = 1.0476162335102386
d_games = 4.528308543242878
d_backyard = 1.0143698675367612
d_transfer = 1.8058010858188165
d_clothing_storage = 0.14386941619110596
d_gym = 1.270975789404645
d_dryer = 1.2826163838934561
d_fruit = 5.333145930147977
d_balcony = 2.847332087501856
d_soundsystem = 0.036513856558173866
d_firstaidkit = 1.1021318228866444
d_breakfast = 0.5292738479853099
d_rooftop = 0.6427653660644357
d_resortaccess = 2.6189323447204464
